Name	Length	EffectiveLength	TPM	NumReads
ENSMUST00000082402.1	1545	1344.61	243610	29407.7
ENSMUST00000082419.1	519	318.622	176541	5050
ENSMUST00000189941.2	678	477.611	30533.6	1309.25
ENSMUST00000082414.1	1378	1177.61	10792.3	1141
ENSMUST00000188299.2	345	150.925	75157.9	1018.37
ENSMUST00000082392.1	957	756.611	14677.5	997
ENSMUST00000082418.1	1824	1623.61	5762.72	840
ENSMUST00000082396.1	1038	837.611	11142.9	837.939
ENSMUST00000082408.1	681	480.611	18998.5	819.752
ENSMUST00000144826.2	9797	9596.61	950.393	818.825
ENSMUST00000082421.1	1144	943.611	7601.91	644
ENSMUST00000082409.1	784	583.611	10473.9	548.787
ENSMUST00000020488.9	123179	122979	45.3666	500.883
ENSMUST00000029076.6	1679	1478.61	3367.31	447
ENSMUST00000187290.7	416	216.434	20425.7	396.891
ENSMUST00000015712.15	4115	3914.61	1024.34	360
ENSMUST00000117219.2	1545	1344.61	2860.39	345.296
ENSMUST00000082405.1	684	483.611	7214.13	313.22
ENSMUST00000082407.1	204	64.0413	53395.9	307
ENSMUST00000102758.8	2022	1821.61	1699.88	278
ENSMUST00000034453.6	1446	1245.61	2379.52	266.098
ENSMUST00000070198.14	4758	4557.61	630.411	257.947
ENSMUST00000018632.11	6016	5815.61	482.563	251.953
ENSMUST00000071399.13	4421	4220.61	559.304	211.93
ENSMUST00000188231.2	681	480.611	4701.8	202.875
ENSMUST00000117440.8	4863	4662.61	473.51	198.211
ENSMUST00000199420.5	4185	3984.61	539.512	193
ENSMUST00000105944.3	753	552.611	3833.68	190.198
ENSMUST00000165853.2	3382	3181.61	595.157	170
ENSMUST00000103095.5	700	499.611	3701.98	166.049
ENSMUST00000064167.8	1955	1754.61	959.634	151.167
ENSMUST00000084013.1	297	113.646	14773.6	150.733
ENSMUST00000108858.8	2115	1914.61	855.198	147
ENSMUST00000198199.5	2589	2388.61	682.636	146.388
ENSMUST00000032974.13	3477	3276.61	497.252	146.275
ENSMUST00000100497.11	1920	1719.61	934.089	144.208
ENSMUST00000107773.3	3158	2957.61	534.783	142
ENSMUST00000106348.8	1460	1259.61	1230.94	139.201
ENSMUST00000003643.3	1235	1034.61	1443.29	134.06
ENSMUST00000016088.9	7367	7166.61	203.605	131
ENSMUST00000107583.3	737	536.611	2698.45	130
ENSMUST00000114934.11	5470	5269.61	266.331	126
ENSMUST00000036884.3	4486	4285.61	311.888	120
ENSMUST00000034049.5	1925	1724.61	775.033	120
ENSMUST00000124516.8	6081	5880.61	226.079	119.358
ENSMUST00000113685.10	1208	1007.61	1241.22	112.282
ENSMUST00000037324.12	1440	1239.61	988.41	110
ENSMUST00000022986.8	6976	6775.61	179.188	109
ENSMUST00000117263.8	2371	2170.61	546.807	106.558
ENSMUST00000169503.4	2791	2590.61	455.757	106
ENSMUST00000091829.4	5720	5519.61	213.861	105.977
ENSMUST00000193517.6	5151	4950.61	235.682	104.75
ENSMUST00000102486.5	2769	2568.61	446.652	103
ENSMUST00000200004.2	3481	3280.61	346.318	102
ENSMUST00000120592.2	953	752.611	1509.59	102
ENSMUST00000119429.8	803	602.611	1883.99	101.926
ENSMUST00000215334.2	2440	2239.61	494.839	99.4961
ENSMUST00000017851.4	3683	3482.61	313.438	98
ENSMUST00000102600.4	2763	2562.61	417.271	96
ENSMUST00000056623.13	17152	16951.6	61.7656	94
ENSMUST00000106243.8	3111	2910.61	352.045	91.9925
ENSMUST00000153748.2	4659	4458.61	229.773	91.9749
ENSMUST00000222266.2	1804	1603.61	630.609	90.7882
ENSMUST00000208710.2	2742	2541.61	397.461	90.6929
ENSMUST00000052798.14	2000	1799.61	544.582	87.9857
ENSMUST00000167595.9	7692	7491.61	130.542	87.8
ENSMUST00000147954.2	565	364.612	2587.87	84.7117
ENSMUST00000226892.2	5156	4955.61	185.589	82.5693
ENSMUST00000202090.2	2680	2479.61	350.17	77.9528
ENSMUST00000096433.10	8547	8346.61	102.757	77
ENSMUST00000100050.4	2529	2328.61	363.535	76
ENSMUST00000153941.8	3927	3726.61	225.347	75.394
ENSMUST00000035220.12	4965	4764.61	175.333	75
ENSMUST00000194953.2	3541	3340.61	243.199	72.9386
ENSMUST00000118875.8	1420	1219.61	664.811	72.793
ENSMUST00000203288.2	4618	4417.61	178.34	70.7304
ENSMUST00000221251.2	1882	1681.61	463.663	70
ENSMUST00000227271.2	5513	5312.61	144.668	69
ENSMUST00000113277.8	2063	1862.61	384.27	64.2582
ENSMUST00000057781.8	6494	6293.61	113.269	64
ENSMUST00000206772.2	653	452.611	1567.69	63.7024
ENSMUST00000018743.5	2522	2321.61	302.26	63
ENSMUST00000114352.8	3825	3624.61	186.952	60.8362
ENSMUST00000238839.2	5430	5229.61	128.437	60.3018
ENSMUST00000040008.4	3600	3399.61	196.586	60
ENSMUST00000154495.2	670	469.611	1423.12	60
ENSMUST00000165430.8	1978	1777.61	373.938	59.6769
ENSMUST00000046859.12	7705	7504.61	87.5697	59
ENSMUST00000230160.2	2920	2719.61	241.644	59
ENSMUST00000211459.2	928	727.611	887.889	58
ENSMUST00000032910.13	766	565.611	1124.92	57.1226
ENSMUST00000106157.8	5008	4807.61	132.061	57
ENSMUST00000027826.7	1410	1209.61	524.879	57
ENSMUST00000045540.4	7015	6814.61	93.1669	56.9997
ENSMUST00000162364.8	2840	2639.61	240.378	56.9646
ENSMUST00000068271.5	2034	1833.61	344.688	56.7418
ENSMUST00000113585.9	3676	3475.61	179.468	56
ENSMUST00000110894.9	1169	968.611	643.849	55.9891
ENSMUST00000182884.8	9963	9762.61	62.2764	54.5833
ENSMUST00000170757.3	6556	6355.61	92.8856	53
ENSMUST00000110616.2	1361	1160.61	507.181	52.8469
ENSMUST00000001204.8	3987	3786.61	150.02	51
ENSMUST00000105321.10	6237	6036.61	94.1038	51
ENSMUST00000107057.8	8913	8712.61	65.1262	50.9418
ENSMUST00000151886.8	915	714.611	778.12	49.9214
ENSMUST00000226438.2	2783	2582.61	211.333	49
ENSMUST00000082411.1	348	153.488	3529.19	48.6317
ENSMUST00000233266.2	12956	12755.6	40.365	46.225
ENSMUST00000055662.4	7321	7120.61	71.9566	46
ENSMUST00000119430.3	6801	6600.61	75.9379	45
ENSMUST00000193353.2	3034	2833.61	176.89	45
ENSMUST00000117669.2	1019	818.611	610.773	44.8877
ENSMUST00000184424.2	2142	1941.61	255.944	44.6146
ENSMUST00000226724.2	3853	3652.61	132.577	43.4753
ENSMUST00000038942.10	4479	4278.61	111.943	43
ENSMUST00000128272.8	4456	4255.61	109.93	42
ENSMUST00000189316.7	2924	2723.61	171.765	42
ENSMUST00000029445.13	4470	4269.61	109.362	41.9203
ENSMUST00000189498.2	421	221.304	2095.47	41.6334
ENSMUST00000177422.8	908	707.611	654.074	41.552
ENSMUST00000021001.10	3513	3312.61	137.862	41
ENSMUST00000128788.8	1141	940.611	485.516	41
ENSMUST00000200832.2	2119	1918.61	238.027	41
ENSMUST00000151137.8	776	575.611	771.409	39.8643
ENSMUST00000111067.10	5433	5232.61	84.5033	39.6974
ENSMUST00000105971.8	732	531.611	819.28	39.1018
ENSMUST00000074187.13	1007	806.611	538.492	38.9954
ENSMUST00000032934.12	1511	1310.61	322.401	37.935
ENSMUST00000237357.2	12305	12104.6	34.6561	37.6618
ENSMUST00000102591.10	1437	1236.61	333.793	37.0578
ENSMUST00000090192.12	2609	2408.61	171.106	37
ENSMUST00000109764.8	5476	5275.61	78.1194	37
ENSMUST00000097644.9	8100	7899.61	52.1706	37
ENSMUST00000107348.2	6369	6168.61	66.8105	37
ENSMUST00000019721.7	3484	3283.61	125.511	37
ENSMUST00000221481.2	1548	1347.61	305.216	36.9268
ENSMUST00000099224.10	4206	4005.61	102.243	36.7681
ENSMUST00000109104.2	6360	6159.61	65.0997	36
ENSMUST00000064770.9	8429	8228.61	48.7311	36
ENSMUST00000133902.8	3765	3564.61	110.925	35.4985
ENSMUST00000071487.13	6614	6413.61	60.8973	35.0647
ENSMUST00000114763.3	3789	3588.61	108.635	35
ENSMUST00000007012.6	5851	5650.61	68.9926	35
ENSMUST00000102888.10	4970	4769.61	79.401	34
ENSMUST00000017430.12	1434	1233.61	306.995	34
ENSMUST00000211192.2	345	150.925	2504.09	33.9297
ENSMUST00000075077.3	1713	1512.61	245.863	33.3879
ENSMUST00000031914.6	2977	2776.61	133.437	33.263
ENSMUST00000023270.14	7911	7710.61	47.7257	33.0378
ENSMUST00000085913.11	6227	6026.61	60.9917	33
ENSMUST00000027409.10	3028	2827.61	129.994	33
ENSMUST00000000137.8	3631	3430.61	107.145	33
ENSMUST00000121185.8	911	710.611	501.834	32.0156
ENSMUST00000165208.4	3611	3410.61	104.508	32
ENSMUST00000117449.8	1874	1673.61	212.973	32
ENSMUST00000029256.9	3967	3766.61	94.6301	32
ENSMUST00000030164.8	3316	3115.61	114.403	32
ENSMUST00000118044.2	941	740.611	481.271	32
ENSMUST00000018641.8	6018	5817.61	61.041	31.8813
ENSMUST00000170715.8	998	797.611	443.994	31.7935
ENSMUST00000134040.2	661	460.611	767.807	31.7509
ENSMUST00000022690.10	4033	3832.61	91.6856	31.5476
ENSMUST00000023507.13	8303	8102.61	42.6154	31
ENSMUST00000024954.11	5516	5315.61	64.9589	31
ENSMUST00000216512.2	6348	6147.61	56.1675	31
ENSMUST00000013220.8	8957	8756.61	39.4326	31
ENSMUST00000110690.9	3527	3326.61	103.798	31
ENSMUST00000067443.10	5979	5778.61	59.7542	31
ENSMUST00000134585.8	2377	2176.61	158.639	31
ENSMUST00000127737.2	1054	853.611	393.143	30.1287
ENSMUST00000220951.2	2152	1951.61	171.221	30
ENSMUST00000056416.9	3051	2850.61	117.223	30
ENSMUST00000025659.12	2467	2266.61	147.426	30
ENSMUST00000069281.8	2456	2255.61	148.145	30
ENSMUST00000049091.9	2915	2714.61	123.096	30
ENSMUST00000027623.9	7063	6862.61	48.504	29.8839
ENSMUST00000063694.10	6396	6195.61	53.1846	29.5828
ENSMUST00000191388.2	995	794.611	414.242	29.5515
ENSMUST00000205723.2	10079	9878.61	33.208	29.4516
ENSMUST00000076095.14	2060	1859.61	172.187	28.747
ENSMUST00000203436.3	1667	1466.61	215.511	28.3762
ENSMUST00000037912.12	9178	8977.61	34.7398	28
ENSMUST00000050328.15	3647	3446.61	90.489	28
ENSMUST00000234401.2	4360	4159.61	74.8282	27.944
ENSMUST00000028300.6	6378	6177.61	49.8756	27.6617
ENSMUST00000070524.5	5013	4812.61	62.4904	27
ENSMUST00000025083.14	6032	5831.61	51.571	27
ENSMUST00000001699.8	1909	1708.61	176.015	27
ENSMUST00000027727.15	3123	2922.61	102.902	27
ENSMUST00000001547.8	5930	5729.61	52.489	27
ENSMUST00000107659.8	2351	2150.61	139.234	26.883
ENSMUST00000048209.16	1588	1387.61	214.892	26.7706
ENSMUST00000133808.2	2483	2282.61	130.185	26.6786
ENSMUST00000055413.13	1281	1080.61	272.623	26.4485
ENSMUST00000030184.12	2175	1974.61	146.735	26.0127
ENSMUST00000188182.7	3072	2871.61	100.85	26
ENSMUST00000174011.8	2353	2152.61	134.536	26
ENSMUST00000234665.2	1794	1593.61	181.728	26
ENSMUST00000018470.10	3013	2812.61	102.966	26
ENSMUST00000187885.2	1899	1698.61	170.405	25.9864
ENSMUST00000025278.8	756	555.611	520.96	25.9863
ENSMUST00000239432.2	1601	1400.61	205.609	25.8541
ENSMUST00000071056.14	3405	3204.61	89.8585	25.8526
ENSMUST00000108707.3	693	492.611	581.574	25.7205
ENSMUST00000025563.8	929	728.611	390.701	25.557
ENSMUST00000037915.9	4593	4392.61	63.3939	25
ENSMUST00000019937.5	6032	5831.61	47.7509	25
ENSMUST00000127664.2	3953	3752.61	74.2056	25
ENSMUST00000045897.15	1216	1015.61	274.184	25
ENSMUST00000085351.7	2411	2210.61	125.967	25
ENSMUST00000145073.2	5878	5677.61	49.0461	25
ENSMUST00000214347.2	5706	5505.61	50.5783	25
ENSMUST00000026561.10	360	163.97	1698.27	25
ENSMUST00000049628.16	371	173.868	1598.98	24.9592
ENSMUST00000125019.2	1234	1033.61	268.912	24.9538
ENSMUST00000178636.2	6617	6416.61	43.2851	24.9353
ENSMUST00000023677.10	838	637.611	435.101	24.9067
ENSMUST00000079644.13	1628	1427.61	194.052	24.8713
ENSMUST00000219211.2	614	413.611	657.745	24.4242
ENSMUST00000034834.16	2432	2231.61	120.412	24.1245
ENSMUST00000078486.13	7147	6946.61	38.4829	24
ENSMUST00000208231.2	4457	4256.61	62.8026	24
ENSMUST00000045743.13	5006	4805.61	55.6279	24
ENSMUST00000217407.2	6154	5953.61	44.9015	24
ENSMUST00000135836.2	582	381.611	697.135	23.8841
ENSMUST00000138799.2	488	287.659	916.897	23.6793
ENSMUST00000203077.3	1617	1416.61	186.096	23.6678
ENSMUST00000053426.15	4644	4443.61	58.7609	23.442
ENSMUST00000032497.7	2501	2300.61	112.886	23.3159
ENSMUST00000070080.6	5808	5607.61	45.9046	23.1102
ENSMUST00000092143.12	3843	3642.61	70.3307	23
ENSMUST00000119437.8	3436	3235.61	79.1775	23
ENSMUST00000020962.12	2696	2495.61	102.655	23
ENSMUST00000067996.7	2834	2633.61	97.2761	23
ENSMUST00000123833.9	3288	3087.61	82.9727	23
ENSMUST00000084949.3	6543	6342.61	40.3915	23
ENSMUST00000098272.4	2370	2169.61	118.08	23
ENSMUST00000167487.8	7971	7770.61	31.5353	22
ENSMUST00000095360.11	7052	6851.61	35.7651	22
ENSMUST00000031668.10	5348	5147.61	47.6044	22
ENSMUST00000019726.8	3645	3444.61	71.1398	22
ENSMUST00000162293.8	5520	5319.61	46.0652	22
ENSMUST00000152743.8	1782	1581.61	154.936	22
ENSMUST00000054742.7	2979	2778.61	88.1911	22
ENSMUST00000042296.9	6737	6536.61	37.4887	22
ENSMUST00000123384.8	3261	3060.61	80.0653	22
ENSMUST00000098594.4	393	194.337	1260.95	22
ENSMUST00000121393.9	4402	4201.61	57.9378	21.8549
ENSMUST00000016396.8	421	221.304	1091.76	21.6913
ENSMUST00000105949.8	955	754.611	314.936	21.3361
ENSMUST00000107913.10	2098	1897.61	123.576	21.0529
ENSMUST00000178462.8	6150	5949.61	39.3152	21
ENSMUST00000094451.4	4900	4699.61	49.7723	21
ENSMUST00000037141.9	7411	7210.61	32.4397	21
ENSMUST00000206629.2	443	242.922	962.902	21
ENSMUST00000128010.2	2227	2026.61	115.419	21
ENSMUST00000090134.12	1722	1521.61	153.725	21
ENSMUST00000064165.5	3753	3552.61	65.8418	21
ENSMUST00000097547.10	2851	2650.61	88.2477	21
ENSMUST00000156834.2	974	773.611	292.095	20.287
ENSMUST00000107503.8	3575	3374.61	66.4115	20.1204
ENSMUST00000107048.8	2617	2416.61	92.6359	20.0982
ENSMUST00000165561.4	4483	4282.61	52.0177	20
ENSMUST00000196421.2	4201	4000.61	55.6844	20
ENSMUST00000110731.4	1829	1628.61	136.786	20
ENSMUST00000011526.7	5323	5122.61	43.4879	20
ENSMUST00000020831.13	2557	2356.61	94.5305	20
ENSMUST00000141336.2	736	535.611	415.921	20
