Name	Length	EffectiveLength	TPM	NumReads
ENSMUST00000082402.1	1545	1344.61	30983.2	2659.08
ENSMUST00000082419.1	519	318.622	117029	2380
ENSMUST00000082408.1	681	480.611	55153.5	1691.9
ENSMUST00000082405.1	684	483.611	40630.5	1254.17
ENSMUST00000082409.1	784	583.611	28881.9	1075.86
ENSMUST00000082392.1	957	756.611	22218.7	1073
ENSMUST00000082414.1	1378	1177.61	14155.7	1064
ENSMUST00000188299.2	345	150.925	93231.9	898.117
ENSMUST00000102758.8	2022	1821.61	7069.76	821.994
ENSMUST00000082396.1	1038	837.611	14340.1	766.662
ENSMUST00000029076.6	1679	1478.61	7480.56	705.986
ENSMUST00000187117.2	492	291.651	32287.1	601.036
ENSMUST00000018632.11	6016	5815.61	1499.93	556.768
ENSMUST00000034453.6	1446	1245.61	6972.02	554.306
ENSMUST00000003643.3	1235	1034.61	8058.71	532.171
ENSMUST00000082421.1	1144	943.611	7704.01	464
ENSMUST00000103095.5	700	499.611	13492.4	430.259
ENSMUST00000082418.1	1824	1623.61	3927.39	407
ENSMUST00000189941.2	678	477.611	12337.3	376.099
ENSMUST00000015712.15	4115	3914.61	1448.81	362
ENSMUST00000120592.2	953	752.611	7181.91	345
ENSMUST00000119429.8	803	602.611	8023.22	308.599
ENSMUST00000106348.8	1460	1259.61	3837.49	308.526
ENSMUST00000113685.10	1208	1007.61	3778.16	242.986
ENSMUST00000070198.14	4758	4557.61	814.709	237
ENSMUST00000144826.2	9797	9596.61	357.597	219.038
ENSMUST00000032974.13	3477	3276.61	984.359	205.867
ENSMUST00000187290.7	416	216.434	14782.4	204.211
ENSMUST00000107773.3	3158	2957.61	1025.09	193.513
ENSMUST00000147954.2	565	364.612	7635.55	177.697
ENSMUST00000117440.8	4863	4662.61	583.962	173.789
ENSMUST00000193517.6	5151	4950.61	533.88	168.698
ENSMUST00000071399.13	4421	4220.61	618.066	166.502
ENSMUST00000100497.11	1920	1719.61	1468.42	161.172
ENSMUST00000034049.5	1925	1724.61	1462.6	161
ENSMUST00000068271.5	2034	1833.61	1358.56	158.999
ENSMUST00000117263.8	2371	2170.61	1066.84	147.805
ENSMUST00000082407.1	204	64.0413	35717.8	146
ENSMUST00000211192.2	345	150.925	13699.5	131.969
ENSMUST00000105944.3	753	552.611	3693.55	130.278
ENSMUST00000091829.4	5720	5519.61	366.162	129
ENSMUST00000040008.4	3600	3399.61	594.5	129
ENSMUST00000200004.2	3481	3280.61	613.669	128.498
ENSMUST00000190277.2	783	582.611	3418.85	127.136
ENSMUST00000206772.2	653	452.611	4198.73	121.297
ENSMUST00000107583.3	737	536.611	3328.41	114
ENSMUST00000102600.4	2763	2562.61	666.401	109
ENSMUST00000037324.12	1440	1239.61	1377.63	109
ENSMUST00000110690.9	3527	3326.61	494.514	105
ENSMUST00000133902.8	3765	3564.61	461.497	105
ENSMUST00000121185.8	911	710.611	2072.47	94
ENSMUST00000165853.2	3382	3181.61	453.036	92
ENSMUST00000216993.2	695	494.611	2853.19	90.0748
ENSMUST00000097786.10	17212	17011.6	82.7313	89.8304
ENSMUST00000064167.8	1955	1754.61	800.655	89.6674
ENSMUST00000016088.9	7367	7166.61	190.194	87
ENSMUST00000105971.8	732	531.611	2557.98	86.796
ENSMUST00000107913.10	2098	1897.61	695.791	84.2742
ENSMUST00000018743.5	2522	2321.61	560.119	83
ENSMUST00000075734.6	6012	5811.61	220.365	81.7426
ENSMUST00000035220.12	4965	4764.61	249.907	76
ENSMUST00000026561.10	360	163.97	6688.46	70
ENSMUST00000108858.8	2115	1914.61	564.625	69
ENSMUST00000203288.2	4618	4417.61	235.431	66.3835
ENSMUST00000113684.8	887	686.611	1506.03	66.0013
ENSMUST00000118875.8	1420	1219.61	843.176	65.6369
ENSMUST00000193353.2	3034	2833.61	355.886	64.3665
ENSMUST00000226724.2	3853	3652.61	266.156	62.0508
ENSMUST00000100050.4	2529	2328.61	415.765	61.7949
ENSMUST00000169503.4	2791	2590.61	368.909	61
ENSMUST00000027826.7	1410	1209.61	790.088	61
ENSMUST00000017851.4	3683	3482.61	269.922	60
ENSMUST00000082411.1	348	153.488	6112.48	59.8825
ENSMUST00000144259.2	471	270.712	3433.54	59.3277
ENSMUST00000138811.2	982	781.611	1180.58	58.8971
ENSMUST00000199420.5	4185	3984.61	226.075	57.4971
ENSMUST00000165430.8	1978	1777.61	505.836	57.3925
ENSMUST00000188231.2	681	480.611	1838.34	56.3932
ENSMUST00000106157.8	5008	4807.61	182.495	56
ENSMUST00000074187.13	1007	806.611	1078.83	55.5427
ENSMUST00000021001.10	3513	3312.61	260.126	55
ENSMUST00000105949.8	955	754.611	1138.43	54.8323
ENSMUST00000211459.2	928	727.611	1162.75	54
ENSMUST00000084013.1	297	113.646	7298.07	52.9381
ENSMUST00000106243.8	3111	2910.61	281.531	52.3021
ENSMUST00000048209.16	1588	1387.61	588.259	52.1008
ENSMUST00000154495.2	670	469.611	1734.83	52
ENSMUST00000085913.11	6227	6026.61	132.583	51
ENSMUST00000202090.2	2680	2479.61	322.008	50.9633
ENSMUST00000169299.9	1013	812.611	979.074	50.7816
ENSMUST00000151886.8	915	714.611	1105.97	50.4452
ENSMUST00000146973.2	681	480.611	1640.78	50.333
ENSMUST00000056623.13	17152	16951.6	46.2116	50
ENSMUST00000034508.14	3867	3666.61	211.791	49.5655
ENSMUST00000238839.2	5430	5229.61	147.495	49.233
ENSMUST00000189503.7	1514	1313.61	584.414	49
ENSMUST00000186202.7	874	673.611	1125.63	48.3963
ENSMUST00000182884.8	9963	9762.61	77.1681	48.0853
ENSMUST00000057428.13	5641	5440.61	135.411	47.023
ENSMUST00000092143.12	3843	3642.61	202.151	47
ENSMUST00000154883.4	1552	1351.61	544.801	47
ENSMUST00000025659.12	2467	2266.61	321.686	46.5391
ENSMUST00000162364.8	2840	2639.61	272.982	45.9919
ENSMUST00000165208.4	3611	3410.61	206.715	45
ENSMUST00000090469.8	1289	1088.61	647.637	45
ENSMUST00000020768.4	840	639.611	1102.27	45
ENSMUST00000036884.3	4486	4285.61	160.854	44
ENSMUST00000001204.8	3987	3786.61	182.051	44
ENSMUST00000189498.2	421	221.304	3077.25	43.4671
ENSMUST00000208710.2	2742	2541.61	267.339	43.3691
ENSMUST00000230160.2	2920	2719.61	247.716	43
ENSMUST00000027409.10	3028	2827.61	238.254	43
ENSMUST00000205723.2	10079	9878.61	66.6109	42
ENSMUST00000114934.11	5470	5269.61	121.898	41
ENSMUST00000226892.2	5156	4955.61	129.123	40.8421
ENSMUST00000052798.14	2000	1799.61	355.266	40.8075
ENSMUST00000177422.8	908	707.611	895.259	40.4345
ENSMUST00000170638.2	990	789.611	797.669	40.2017
ENSMUST00000114352.8	3825	3624.61	173.383	40.1121
ENSMUST00000102888.10	4970	4769.61	131.392	40
ENSMUST00000090192.12	2609	2408.61	260.187	40
ENSMUST00000134040.2	661	460.611	1352.09	39.7509
ENSMUST00000030184.12	2175	1974.61	306.471	38.6259
ENSMUST00000142061.3	996	795.611	757.206	38.4524
ENSMUST00000233266.2	12956	12755.6	46.8505	38.1438
ENSMUST00000087865.4	1684	1483.61	401.287	38
ENSMUST00000107156.9	2015	1814.61	328.089	38
ENSMUST00000026495.15	2471	2270.61	258.504	37.4644
ENSMUST00000152743.8	1782	1581.61	366.517	37
ENSMUST00000033642.10	9074	8873.61	65.327	37
ENSMUST00000034834.16	2432	2231.61	259.762	37
ENSMUST00000203077.3	1617	1416.61	403.307	36.4665
ENSMUST00000064770.9	8429	8228.61	68.5437	36
ENSMUST00000167595.9	7692	7491.61	75.2868	36
ENSMUST00000008021.3	948	747.611	733.473	35
ENSMUST00000025563.8	929	728.611	732.113	34.0472
ENSMUST00000117449.8	1874	1673.61	318.285	34
ENSMUST00000227271.2	5513	5312.61	100.268	34
ENSMUST00000057781.8	6494	6293.61	82.1496	33
ENSMUST00000123384.8	3261	3060.61	168.926	33
ENSMUST00000107348.2	6369	6168.61	83.8143	33
ENSMUST00000102486.5	2769	2568.61	201.283	33
ENSMUST00000134585.8	2377	2176.61	237.533	33
ENSMUST00000072841.12	1454	1253.61	406.711	32.543
ENSMUST00000220951.2	2152	1951.61	256.891	32
ENSMUST00000038942.10	4479	4278.61	117.176	32
ENSMUST00000214347.2	5706	5505.61	91.0618	32
ENSMUST00000221251.2	1882	1681.61	298.137	32
ENSMUST00000230445.2	2798	2597.61	192.023	31.8372
ENSMUST00000111067.10	5433	5232.61	95.1139	31.7666
ENSMUST00000179055.2	568	367.612	1340.66	31.457
ENSMUST00000188182.7	3072	2871.61	169.133	31
ENSMUST00000049628.16	371	173.868	2793.41	31
ENSMUST00000107057.8	8913	8712.61	55.7449	31
ENSMUST00000084949.3	6543	6342.61	76.5747	31
ENSMUST00000045540.4	7015	6814.61	71.2707	30.9999
ENSMUST00000118044.2	941	740.611	654.614	30.9445
ENSMUST00000072187.12	5046	4845.61	99.8236	30.8738
ENSMUST00000117669.2	1019	818.611	581.28	30.3719
ENSMUST00000027623.9	7063	6862.61	68.4894	30
ENSMUST00000063694.10	6396	6195.61	75.8628	30
ENSMUST00000045743.13	5006	4805.61	97.8057	30
ENSMUST00000105321.10	6237	6036.61	77.8609	30
ENSMUST00000028320.14	10298	10097.6	45.4972	29.3232
ENSMUST00000165878.2	2564	2363.61	192.227	29
ENSMUST00000022122.4	1486	1285.61	353.411	29
ENSMUST00000030164.8	3316	3115.61	145.83	29
ENSMUST00000094451.4	4900	4699.61	96.4233	28.9236
ENSMUST00000075077.3	1713	1512.61	297.328	28.706
ENSMUST00000105948.8	753	552.611	813.333	28.6877
ENSMUST00000170715.8	998	797.611	560.5	28.5348
ENSMUST00000069281.8	2456	2255.61	194.485	28
ENSMUST00000090134.12	1722	1521.61	288.301	28
ENSMUST00000023677.10	838	637.611	668.552	27.2082
ENSMUST00000109268.2	2864	2663.61	159.327	27.0876
ENSMUST00000113585.9	3676	3475.61	121.709	27
ENSMUST00000025632.11	4518	4317.61	97.9742	27
ENSMUST00000067443.10	5979	5778.61	73.2035	27
ENSMUST00000184424.2	2142	1941.61	217.868	27
ENSMUST00000007012.6	5851	5650.61	73.9439	26.669
ENSMUST00000081026.11	888	687.611	607.421	26.6588
ENSMUST00000096014.5	362	165.75	2512.28	26.5785
ENSMUST00000160484.6	5817	5616.61	73.1081	26.2089
ENSMUST00000021719.7	366	169.337	2405.55	26
ENSMUST00000017430.12	1434	1233.61	330.207	26
ENSMUST00000162293.8	5520	5319.61	76.5747	26
ENSMUST00000068045.14	3877	3676.61	110.794	26
ENSMUST00000049242.9	3216	3015.61	135.08	26
ENSMUST00000106992.10	5253	5052.61	80.6212	26
ENSMUST00000019721.7	3484	3283.61	124.055	26
ENSMUST00000040380.13	5478	5277.61	77.1841	26
ENSMUST00000139775.2	532	331.617	1224.44	25.9169
ENSMUST00000208231.2	4457	4256.61	92.0169	25
ENSMUST00000007959.14	2197	1996.61	196.173	25
ENSMUST00000025083.14	6032	5831.61	67.165	25
ENSMUST00000000756.6	780	579.611	675.764	25
ENSMUST00000098272.4	2370	2169.61	180.53	25
ENSMUST00000107722.8	3063	2862.61	136.826	25
ENSMUST00000028938.7	860	659.611	584.981	24.6285
ENSMUST00000088476.4	6923	6722.61	57.2537	24.5669
ENSMUST00000153941.8	3927	3726.61	103.12	24.5281
ENSMUST00000032910.13	766	565.611	675.699	24.3938
ENSMUST00000095360.11	7052	6851.61	54.8795	24
ENSMUST00000226438.2	2783	2582.61	145.594	24
ENSMUST00000000090.8	645	444.611	845.712	24
ENSMUST00000123355.8	1298	1097.61	342.574	24
ENSMUST00000076095.14	2060	1859.61	202.2	24
ENSMUST00000000137.8	3631	3430.61	109.605	24
ENSMUST00000102591.10	1437	1236.61	303.046	23.9194
ENSMUST00000099224.10	4206	4005.61	93.2978	23.8533
ENSMUST00000057596.10	9649	9448.61	38.4617	23.1955
ENSMUST00000135949.2	1764	1563.61	230.457	23
ENSMUST00000121393.9	4402	4201.61	85.7637	23
ENSMUST00000222588.2	4765	4564.61	78.9434	23
ENSMUST00000037915.9	4593	4392.61	82.0345	23
ENSMUST00000079086.8	4287	4086.61	88.1772	23
ENSMUST00000034244.9	2124	1923.61	187.328	23
ENSMUST00000018914.3	714	513.611	701.592	23
ENSMUST00000048128.15	5938	5737.61	62.6093	22.9287
ENSMUST00000098594.4	393	194.337	1833.77	22.7461
ENSMUST00000079644.13	1628	1427.61	245.653	22.3841
ENSMUST00000114763.3	3789	3588.61	96.0479	22
ENSMUST00000023507.13	8303	8102.61	42.5392	22
ENSMUST00000021413.9	1578	1377.61	250.2	22
ENSMUST00000096433.10	8547	8346.61	41.2956	22
ENSMUST00000068795.4	1648	1447.61	238.102	22
ENSMUST00000058351.16	2371	2170.61	158.793	22
ENSMUST00000204084.3	409	209.651	1640.44	21.9515
ENSMUST00000038684.6	1664	1463.61	233.033	21.7697
ENSMUST00000001439.7	2191	1990.61	171.112	21.7407
ENSMUST00000018641.8	6018	5817.61	57.8344	21.4753
ENSMUST00000159202.8	614	413.611	807.657	21.322
ENSMUST00000021993.5	535	334.616	983.251	21
ENSMUST00000031668.10	5348	5147.61	63.9154	21
ENSMUST00000026865.15	5481	5280.61	62.3055	21
ENSMUST00000127664.2	3953	3752.61	87.6753	21
ENSMUST00000013220.8	8957	8756.61	37.5729	21
ENSMUST00000032260.6	1213	1012.61	324.914	21
ENSMUST00000125019.2	1234	1033.61	318.313	21
ENSMUST00000022986.8	6976	6775.61	48.5582	21
ENSMUST00000094053.7	8183	7982.61	41.216	21
ENSMUST00000160027.8	2846	2645.61	123.472	20.8498
ENSMUST00000126751.2	478	277.686	1154.22	20.4573
ENSMUST00000144897.2	3152	2951.61	107.249	20.2051
ENSMUST00000053426.15	4644	4443.61	71.204	20.1952
ENSMUST00000024954.11	5516	5315.61	58.9479	20
ENSMUST00000059080.7	394	195.285	1604.55	20
ENSMUST00000020576.8	3512	3311.61	94.6199	20
ENSMUST00000004673.15	2099	1898.61	165.039	20
ENSMUST00000001699.8	1909	1708.61	183.391	20
ENSMUST00000049091.9	2915	2714.61	115.429	20
ENSMUST00000133320.2	1311	1110.61	282.137	20
ENSMUST00000169909.10	1517	1316.61	237.993	20
ENSMUST00000027727.15	3123	2922.61	107.214	20
ENSMUST00000059472.10	2804	2603.61	120.35	20
