Name	Length	EffectiveLength	TPM	NumReads
ENSMUST00000082402.1	1545	1344.61	105374	10139.8
ENSMUST00000082419.1	519	318.622	102403	2335
ENSMUST00000082392.1	957	756.611	23879.7	1293
ENSMUST00000082408.1	681	480.611	35196.1	1210.55
ENSMUST00000102758.8	2022	1821.61	9235.8	1204
ENSMUST00000082414.1	1378	1177.61	13064.4	1101
ENSMUST00000082396.1	1038	837.611	17297.1	1036.84
ENSMUST00000144826.2	9797	9596.61	1038.92	713.501
ENSMUST00000082409.1	784	583.611	16110.4	672.863
ENSMUST00000082405.1	684	483.611	18311.7	633.756
ENSMUST00000082421.1	1144	943.611	8899.9	601
ENSMUST00000029076.6	1679	1478.61	4725.2	500
ENSMUST00000034453.6	1446	1245.61	5598.77	499.081
ENSMUST00000188299.2	345	150.925	45691.6	493.507
ENSMUST00000082418.1	1824	1623.61	4148.29	482
ENSMUST00000018632.11	6016	5815.61	997.828	415.286
ENSMUST00000103095.5	700	499.611	11419.5	408.295
ENSMUST00000003643.3	1235	1034.61	5453.6	403.791
ENSMUST00000100497.11	1920	1719.61	3169.49	390.046
ENSMUST00000120592.2	953	752.611	6624.82	356.813
ENSMUST00000020488.9	123179	122979	40.391	355.476
ENSMUST00000187290.7	416	216.434	21775.4	337.278
ENSMUST00000070198.14	4758	4557.61	938.184	306
ENSMUST00000119429.8	803	602.611	6841.37	295.037
ENSMUST00000015712.15	4115	3914.61	1020.9	286
ENSMUST00000113685.10	1208	1007.61	3200.92	230.815
ENSMUST00000206772.2	653	452.611	7029.55	227.693
ENSMUST00000211459.2	928	727.611	4263.41	222
ENSMUST00000189941.2	678	477.611	6098.51	208.446
ENSMUST00000037324.12	1440	1239.61	2288.31	203
ENSMUST00000117440.8	4863	4662.61	596.95	199.188
ENSMUST00000107583.3	737	536.611	5182	199
ENSMUST00000082407.1	204	64.0413	42984.3	197
ENSMUST00000071399.13	4421	4220.61	635.667	192
ENSMUST00000032974.13	3477	3276.61	795.87	186.622
ENSMUST00000147954.2	565	364.612	7072.44	184.542
ENSMUST00000108858.8	2115	1914.61	1225.82	167.959
ENSMUST00000105944.3	753	552.611	4102.06	162.225
ENSMUST00000082411.1	348	153.488	14611.2	160.493
ENSMUST00000193517.6	5151	4950.61	429.031	152
ENSMUST00000091829.4	5720	5519.61	383.111	151.332
ENSMUST00000124516.8	6081	5880.61	331.766	139.621
ENSMUST00000200004.2	3481	3280.61	575.02	135
ENSMUST00000034049.5	1925	1724.61	1077.62	133
ENSMUST00000106348.8	1460	1259.61	1467.34	132.27
ENSMUST00000032934.12	1511	1310.61	1404.91	131.771
ENSMUST00000113277.8	2063	1862.61	948.259	126.4
ENSMUST00000107773.3	3158	2957.61	591.383	125.172
ENSMUST00000165853.2	3382	3181.61	518.249	118
ENSMUST00000018743.5	2522	2321.61	704.207	117
ENSMUST00000102486.5	2769	2568.61	620.169	114
ENSMUST00000117219.2	1545	1344.61	1176.77	113.236
ENSMUST00000075077.3	1713	1512.61	1022.03	110.634
ENSMUST00000121185.8	911	710.611	2005.62	101.995
ENSMUST00000105971.8	732	531.611	2669.53	101.561
ENSMUST00000100050.4	2529	2328.61	604.414	100.723
ENSMUST00000211192.2	345	150.925	9304.7	100.498
ENSMUST00000105949.8	955	754.611	1855.29	100.192
ENSMUST00000167595.9	7692	7491.61	186.521	100
ENSMUST00000016088.9	7367	7166.61	194.754	99.884
ENSMUST00000221251.2	1882	1681.61	822.647	99
ENSMUST00000133902.8	3765	3564.61	380.245	97
ENSMUST00000064167.8	1955	1754.61	757.894	95.1669
ENSMUST00000118875.8	1420	1219.61	1085.21	94.7181
ENSMUST00000226892.2	5156	4955.61	256.206	90.862
ENSMUST00000134040.2	661	460.611	2612.79	86.1262
ENSMUST00000114352.8	3825	3624.61	331.563	86.0049
ENSMUST00000194953.2	3541	3340.61	357.362	85.434
ENSMUST00000169927.2	4581	4380.61	271.136	85
ENSMUST00000040008.4	3600	3399.61	349.376	85
ENSMUST00000203077.3	1617	1416.61	824.542	83.5911
ENSMUST00000203288.2	4618	4417.61	253.05	80
ENSMUST00000056623.13	17152	16951.6	65.9451	80
ENSMUST00000084013.1	297	113.646	9713.56	79
ENSMUST00000154495.2	670	469.611	2350.67	79
ENSMUST00000165208.4	3611	3410.61	319.57	78
ENSMUST00000106243.8	3111	2910.61	374.169	77.9379
ENSMUST00000027409.10	3028	2827.61	380.518	77
ENSMUST00000226724.2	3853	3652.61	292.004	76.3289
ENSMUST00000117263.8	2371	2170.61	490.477	76.1898
ENSMUST00000202090.2	2680	2479.61	428.286	76
ENSMUST00000102600.4	2763	2562.61	402.604	73.8341
ENSMUST00000114763.3	3789	3588.61	280.356	72
ENSMUST00000165430.8	1978	1777.61	562.771	71.5921
ENSMUST00000151886.8	915	714.611	1398.86	71.5383
ENSMUST00000153941.8	3927	3726.61	267.833	71.4291
ENSMUST00000097786.10	17212	17011.6	57.6488	70.183
ENSMUST00000188231.2	681	480.611	2013.23	69.2443
ENSMUST00000205723.2	10079	9878.61	97.5023	68.9298
ENSMUST00000107913.10	2098	1897.61	502.106	68.1866
ENSMUST00000233266.2	12956	12755.6	74.6816	68.1728
ENSMUST00000114934.11	5470	5269.61	180.316	68
ENSMUST00000128788.8	1141	940.611	1010.19	68
ENSMUST00000169503.4	2791	2590.61	361.39	67
ENSMUST00000146973.2	681	480.611	1941.62	66.7813
ENSMUST00000017851.4	3683	3482.61	264.815	66
ENSMUST00000084771.3	1559	1358.61	675.495	65.677
ENSMUST00000045540.4	7015	6814.61	133.283	64.9996
ENSMUST00000027826.7	1410	1209.61	739.329	64
ENSMUST00000049628.16	371	173.868	5063.21	63
ENSMUST00000085913.11	6227	6026.61	140.793	60.7228
ENSMUST00000142061.3	996	795.611	1048.1	59.676
ENSMUST00000199420.5	4185	3984.61	207.792	59.253
ENSMUST00000000137.8	3631	3430.61	240.317	59
ENSMUST00000134585.8	2377	2176.61	378.769	59
ENSMUST00000162364.8	2840	2639.61	312.302	58.9944
ENSMUST00000022986.8	6976	6775.61	115.49	56
ENSMUST00000048209.16	1588	1387.61	554.188	55.0327
ENSMUST00000030184.12	2175	1974.61	389.303	55.013
ENSMUST00000063694.10	6396	6195.61	124.046	55
ENSMUST00000045897.15	1216	1015.61	756.727	55
ENSMUST00000035220.12	4965	4764.61	161.302	55
ENSMUST00000182884.8	9963	9762.61	78.1263	54.5833
ENSMUST00000074187.13	1007	806.611	939.016	54.2043
ENSMUST00000017430.12	1434	1233.61	611.673	54
ENSMUST00000034834.16	2432	2231.61	338.126	54
ENSMUST00000106157.8	5008	4807.61	156.952	54
ENSMUST00000198199.5	2589	2388.61	314.229	53.714
ENSMUST00000230160.2	2920	2719.61	267.178	52
ENSMUST00000025563.8	929	728.611	979.448	51.0709
ENSMUST00000036884.3	4486	4285.61	166.288	51
ENSMUST00000102591.10	1437	1236.61	576.29	51
ENSMUST00000068045.14	3877	3676.61	193.832	51
ENSMUST00000021001.10	3513	3312.61	206.695	49
ENSMUST00000208710.2	2742	2541.61	264.105	48.0377
ENSMUST00000215334.2	2440	2239.61	296.491	47.5204
ENSMUST00000227080.2	13256	13055.6	50.753	47.4193
ENSMUST00000038942.10	4479	4278.61	153.497	47
ENSMUST00000189503.7	1514	1313.61	499.959	47
ENSMUST00000151137.8	776	575.611	1139.92	46.9568
ENSMUST00000184424.2	2142	1941.61	337.664	46.9184
ENSMUST00000090192.12	2609	2408.61	266.867	46
ENSMUST00000090269.7	1473	1272.61	505.087	46
ENSMUST00000153748.2	4659	4458.61	144.166	46
ENSMUST00000067443.10	5979	5778.61	111.085	45.9382
ENSMUST00000057781.8	6494	6293.61	99.9117	45
ENSMUST00000133808.2	2483	2282.61	275.476	45
ENSMUST00000118044.2	941	740.611	849.036	45
ENSMUST00000099128.2	1098	897.611	695.004	44.6449
ENSMUST00000099224.10	4206	4005.61	153.958	44.1333
ENSMUST00000125019.2	1234	1033.61	590.551	43.6829
ENSMUST00000226438.2	2783	2582.61	232.655	43
ENSMUST00000096433.10	8547	8346.61	71.9883	43
ENSMUST00000110616.2	1361	1160.61	517.709	43
ENSMUST00000069281.8	2456	2255.61	266.384	43
ENSMUST00000037023.9	390	191.501	3133.76	42.9469
ENSMUST00000040153.15	8759	8558.61	69.6872	42.6827
ENSMUST00000105952.10	1040	839.611	709.066	42.6051
ENSMUST00000193353.2	3034	2833.61	208.923	42.3665
ENSMUST00000040423.12	1691	1490.61	393.721	42
ENSMUST00000055413.13	1281	1080.61	537.44	41.562
ENSMUST00000109268.2	2864	2663.61	216.842	41.3343
ENSMUST00000170638.2	990	789.611	731.128	41.3145
ENSMUST00000031668.10	5348	5147.61	111.297	41
ENSMUST00000220951.2	2152	1951.61	293.558	41
ENSMUST00000214347.2	5706	5505.61	104.06	41
ENSMUST00000237357.2	12305	12104.6	47.1452	40.8399
ENSMUST00000001204.8	3987	3786.61	149.148	40.4171
ENSMUST00000117669.2	1019	818.611	686.328	40.2074
ENSMUST00000138811.2	982	781.611	714.19	39.9485
ENSMUST00000055662.4	7321	7120.61	76.5334	39
ENSMUST00000107348.2	6369	6168.61	88.3448	39
ENSMUST00000238839.2	5430	5229.61	102.791	38.47
ENSMUST00000221521.2	2533	2332.61	229.929	38.3824
ENSMUST00000095360.11	7052	6851.61	77.4987	38
ENSMUST00000018470.10	3013	2812.61	188.789	38
ENSMUST00000144259.2	471	270.712	1961.45	37.9998
ENSMUST00000177422.8	908	707.611	746.103	37.7824
ENSMUST00000222266.2	1804	1603.61	328.321	37.6785
ENSMUST00000078804.12	491	290.653	1803.78	37.5193
ENSMUST00000023507.13	8303	8102.61	63.8088	37
ENSMUST00000227271.2	5513	5312.61	97.3189	37
ENSMUST00000020768.4	840	639.611	808.331	37
ENSMUST00000170715.8	998	797.611	640.84	36.5794
ENSMUST00000042235.15	1794	1593.61	315.663	36
ENSMUST00000154883.4	1552	1351.61	372.181	36
ENSMUST00000029445.13	4470	4269.61	117.82	36
ENSMUST00000019721.7	3484	3283.61	153.198	36
ENSMUST00000088476.4	6923	6722.61	74.7387	35.9567
ENSMUST00000031914.6	2977	2776.61	178.043	35.3783
ENSMUST00000188182.7	3072	2871.61	170.9	35.1207
ENSMUST00000025083.14	6032	5831.61	81.4693	34
ENSMUST00000165878.2	2564	2363.61	201.005	34
ENSMUST00000027377.9	6006	5805.61	81.3987	33.8191
ENSMUST00000068271.5	2034	1833.61	256.06	33.6004
ENSMUST00000162293.8	5520	5319.61	86.6838	33
ENSMUST00000030164.8	3316	3115.61	148.004	33
ENSMUST00000094053.7	8183	7982.61	57.7661	33
ENSMUST00000001547.8	5930	5729.61	80.4808	33
ENSMUST00000021438.8	7154	6953.61	65.0221	32.357
ENSMUST00000034508.14	3867	3666.61	122.781	32.2176
ENSMUST00000102888.10	4970	4769.61	93.7499	32
ENSMUST00000117449.8	1874	1673.61	267.177	32
ENSMUST00000092143.12	3843	3642.61	118.919	31
ENSMUST00000014957.10	4197	3996.61	108.386	31
ENSMUST00000085679.13	3105	2904.61	149.134	31
ENSMUST00000204084.3	409	209.651	2066.19	31
ENSMUST00000001699.8	1909	1708.61	253.526	31
ENSMUST00000098272.4	2370	2169.61	199.657	31
ENSMUST00000110082.11	4115	3914.61	109.168	30.5829
ENSMUST00000113483.2	2583	2382.61	179.208	30.5567
ENSMUST00000107057.8	8913	8712.61	48.3456	30.144
ENSMUST00000189498.2	421	221.304	1886.33	29.8747
ENSMUST00000079644.13	1628	1427.61	292.128	29.8455
ENSMUST00000128010.2	2227	2026.61	205.567	29.814
ENSMUST00000161308.8	2841	2640.61	157.407	29.7457
ENSMUST00000028320.14	10298	10097.6	40.4105	29.2018
ENSMUST00000238267.2	1071	870.611	467.091	29.1019
ENSMUST00000110731.4	1829	1628.61	248.819	29
ENSMUST00000094451.4	4900	4699.61	86.2263	29
ENSMUST00000041331.4	4832	4631.61	87.4923	29
ENSMUST00000084949.3	6543	6342.61	63.8901	29
ENSMUST00000044048.8	1363	1162.61	348.549	28.9998
ENSMUST00000015800.16	2394	2193.61	180.907	28.3996
ENSMUST00000155635.2	2573	2372.61	166.113	28.205
ENSMUST00000162834.3	1982	1781.61	219.608	28
ENSMUST00000128272.8	4456	4255.61	91.939	28
ENSMUST00000109764.8	5476	5275.61	74.1633	28
ENSMUST00000033642.10	9074	8873.61	44.0922	28
ENSMUST00000090134.12	1722	1521.61	257.133	28
ENSMUST00000105321.10	6237	6036.61	64.814	28
ENSMUST00000072841.12	1454	1253.61	311.676	27.9616
ENSMUST00000018641.8	6018	5817.61	67.1225	27.9453
ENSMUST00000113585.9	3676	3475.61	111.86	27.823
ENSMUST00000205186.2	3082	2881.61	134.826	27.8039
ENSMUST00000144897.2	3152	2951.61	131.176	27.7083
ENSMUST00000234401.2	4360	4159.61	91.514	27.2418
ENSMUST00000230445.2	2798	2597.61	145.242	27
ENSMUST00000004673.15	2099	1898.61	198.715	27
ENSMUST00000161567.8	3630	3429.61	110.008	27
ENSMUST00000204249.2	5020	4819.61	77.1852	26.6221
ENSMUST00000068795.4	1648	1447.61	253.046	26.2149
ENSMUST00000037915.9	4593	4392.61	82.7093	26
ENSMUST00000085351.7	2411	2210.61	164.348	26
ENSMUST00000075995.7	5474	5273.61	68.892	26
ENSMUST00000174595.2	1911	1710.61	212.385	25.9999
ENSMUST00000105942.8	720	519.611	692.4	25.7473
ENSMUST00000111067.10	5433	5232.61	68.1751	25.5294
ENSMUST00000193083.6	2277	2076.61	171.243	25.4487
ENSMUST00000023677.10	838	637.611	552.914	25.2296
ENSMUST00000050872.15	8770	8569.61	40.8744	25.0674
ENSMUST00000090260.6	2839	2638.61	132.394	25
ENSMUST00000015146.16	5215	5014.61	69.6637	25
ENSMUST00000025632.11	4518	4317.61	80.9096	25
ENSMUST00000034244.9	2124	1923.61	181.604	25
ENSMUST00000018914.3	714	513.611	680.157	25
ENSMUST00000048128.15	5938	5737.61	60.8853	25
ENSMUST00000042296.9	6737	6536.61	53.3745	24.968
ENSMUST00000107772.8	3726	3525.61	98.4046	24.8282
ENSMUST00000139613.2	285	105.556	3283.89	24.8067
ENSMUST00000001439.7	2191	1990.61	173.424	24.7054
ENSMUST00000071487.13	6614	6413.61	53.3318	24.4785
ENSMUST00000187885.2	1899	1698.61	200.587	24.3833
ENSMUST00000006235.9	4743	4542.61	74.44	24.1996
ENSMUST00000019726.8	3645	3444.61	97.3587	24
ENSMUST00000013220.8	8957	8756.61	38.2982	24
ENSMUST00000045743.13	5006	4805.61	69.7857	24
ENSMUST00000233162.2	7775	7574.61	44.2746	24
ENSMUST00000097644.9	8100	7899.61	42.4531	24
ENSMUST00000131367.2	3534	3333.61	100.6	24
ENSMUST00000007012.6	5851	5650.61	59.2975	23.9788
ENSMUST00000107503.8	3575	3374.61	99.2657	23.9728
ENSMUST00000121393.9	4402	4201.61	79.4238	23.8816
ENSMUST00000123384.8	3261	3060.61	108.806	23.8319
ENSMUST00000169226.9	1104	903.611	367.187	23.7446
ENSMUST00000222588.2	4765	4564.61	72.6252	23.724
ENSMUST00000106602.10	371	173.868	1895.15	23.5807
ENSMUST00000070080.6	5808	5607.61	57.3131	23
ENSMUST00000008021.3	948	747.611	429.888	23
ENSMUST00000110690.9	3527	3326.61	96.6117	23
ENSMUST00000107048.8	2617	2416.61	132.992	23
ENSMUST00000179055.2	568	367.612	874.171	22.9976
ENSMUST00000221422.2	861	660.611	479.411	22.6647
ENSMUST00000027287.11	5691	5490.61	56.2938	22.1196
ENSMUST00000027623.9	7063	6862.61	44.7958	22
ENSMUST00000109104.2	6360	6159.61	49.9083	22
ENSMUST00000026865.15	5481	5280.61	58.2159	22
ENSMUST00000112095.8	7907	7706.61	39.8899	22
ENSMUST00000090469.8	1289	1088.61	282.393	22
ENSMUST00000119430.3	6801	6600.61	46.5739	22
ENSMUST00000020831.13	2557	2356.61	130.448	22
ENSMUST00000026561.10	360	163.97	1874.83	22
ENSMUST00000120173.9	4758	4557.61	67.4338	21.9943
ENSMUST00000032910.13	766	565.611	541.65	21.9246
ENSMUST00000210435.4	8718	8517.61	34.7718	21.1954
ENSMUST00000005860.16	977	776.611	381.21	21.1867
ENSMUST00000169299.9	1013	812.611	364.263	21.1833
ENSMUST00000230491.2	2954	2753.61	107.16	21.1171
ENSMUST00000180394.2	3446	3245.61	90.428	21.0037
ENSMUST00000021413.9	1578	1377.61	213.008	21
ENSMUST00000137076.2	2417	2216.61	132.383	21
ENSMUST00000048545.10	3197	2996.61	97.9248	21
ENSMUST00000011526.7	5323	5122.61	57.2838	21
ENSMUST00000018727.4	6703	6502.61	45.1269	21
ENSMUST00000216612.3	2929	2728.61	107.007	20.8953
ENSMUST00000028938.7	860	659.611	434.783	20.5238
ENSMUST00000231500.2	1936	1735.61	163.915	20.3595
ENSMUST00000160484.6	5817	5616.61	50.565	20.3245
ENSMUST00000024739.14	2520	2319.61	121.649	20.1939
ENSMUST00000026495.15	2471	2270.61	123.513	20.0702
ENSMUST00000174011.8	2353	2152.61	129.828	20
ENSMUST00000204890.3	1614	1413.61	197.699	20
ENSMUST00000021719.7	366	169.337	1650.37	20
ENSMUST00000122222.8	7926	7725.61	36.1744	20
ENSMUST00000102824.4	2656	2455.61	113.808	20
ENSMUST00000070532.8	823	622.611	448.866	20
ENSMUST00000000090.8	645	444.611	628.57	20
ENSMUST00000025659.12	2467	2266.61	123.298	20
ENSMUST00000020962.12	2696	2495.61	111.984	20
ENSMUST00000049242.9	3216	3015.61	92.6741	20
ENSMUST00000150077.2	1559	1358.61	205.702	20
ENSMUST00000169909.10	1517	1316.61	212.264	20
ENSMUST00000059472.10	2804	2603.61	107.339	20
ENSMUST00000103060.10	2050	1849.61	151.096	20
ENSMUST00000025278.8	756	555.611	502.994	20
