Name	Length	EffectiveLength	TPM	NumReads
ENSMUST00000082419.1	519	318.622	243784	2394
ENSMUST00000082402.1	1545	1344.61	84373.6	3496.6
ENSMUST00000082407.1	204	64.0413	75995.6	150
ENSMUST00000082408.1	681	480.611	37695.1	558.368
ENSMUST00000082411.1	348	153.488	25234.7	119.376
ENSMUST00000187290.7	416	216.434	23949.8	159.76
ENSMUST00000084013.1	297	113.646	19414	68
ENSMUST00000082409.1	784	583.611	12452.7	223.99
ENSMUST00000188299.2	345	150.925	11098.2	51.6245
ENSMUST00000082405.1	684	483.611	9612.46	143.276
ENSMUST00000082414.1	1378	1177.61	8954.45	325
ENSMUST00000103095.5	700	499.611	8392.14	129.225
ENSMUST00000082392.1	957	756.611	7461.64	174
ENSMUST00000189941.2	678	477.611	7379.71	108.632
ENSMUST00000105944.3	753	552.611	6798.21	115.786
ENSMUST00000082396.1	1038	837.611	6585.12	170
ENSMUST00000082418.1	1824	1623.61	6434.75	322
ENSMUST00000102758.8	2022	1821.61	6323.1	355
ENSMUST00000216993.2	695	494.611	5958.98	90.8403
ENSMUST00000147954.2	565	364.612	5024.18	56.4597
ENSMUST00000082421.1	1144	943.611	5020.16	146
ENSMUST00000189498.2	421	221.304	4168.6	28.433
ENSMUST00000119429.8	803	602.611	3780.71	70.2188
ENSMUST00000206629.2	443	242.922	3606.23	27
ENSMUST00000120592.2	953	752.611	3578.2	83
ENSMUST00000034453.6	1446	1245.61	3333.1	127.96
ENSMUST00000003643.3	1235	1034.61	3146.83	100.344
ENSMUST00000107583.3	737	536.611	3144.14	52
ENSMUST00000206772.2	653	452.611	2851.03	39.7712
ENSMUST00000029076.6	1679	1478.61	2611.26	119
ENSMUST00000113685.10	1208	1007.61	2283.89	70.9269
ENSMUST00000151137.8	776	575.611	2265.92	40.1991
ENSMUST00000188231.2	681	480.611	2250.69	33.3389
ENSMUST00000068271.5	2034	1833.61	1698.71	95.9996
ENSMUST00000015712.15	4115	3914.61	1541.64	186
ENSMUST00000121185.8	911	710.611	1506.74	33
ENSMUST00000037324.12	1440	1239.61	1491.92	57
ENSMUST00000106348.8	1460	1259.61	1421.54	55.1872
ENSMUST00000064167.8	1955	1754.61	1389.96	75.1669
ENSMUST00000177422.8	908	707.611	1387.53	30.2607
ENSMUST00000105971.8	732	531.611	1364.61	22.3587
ENSMUST00000151886.8	915	714.611	1335.7	29.4186
ENSMUST00000211459.2	928	727.611	1317.58	29.5474
ENSMUST00000071399.13	4421	4220.61	1282.74	166.861
ENSMUST00000100497.11	1920	1719.61	1117.42	59.2227
ENSMUST00000169299.9	1013	812.611	1092.88	27.3714
ENSMUST00000221251.2	1882	1681.61	1089.22	56.4526
ENSMUST00000199420.5	4185	3984.61	1056.98	129.806
ENSMUST00000108858.8	2115	1914.61	1050.68	62
ENSMUST00000074187.13	1007	806.611	986.327	24.5204
ENSMUST00000018632.11	6016	5815.61	925.255	165.844
ENSMUST00000215334.2	2440	2239.61	924.971	63.8474
ENSMUST00000070198.14	4758	4557.61	889.878	125
ENSMUST00000144826.2	9797	9596.61	886.127	262.094
ENSMUST00000118875.8	1420	1219.61	878.858	33.0356
ENSMUST00000034049.5	1925	1724.61	865.414	46
ENSMUST00000032974.13	3477	3276.61	857.333	86.5798
ENSMUST00000102591.10	1437	1236.61	839.604	32
ENSMUST00000027826.7	1410	1209.61	831.521	31
ENSMUST00000048209.16	1588	1387.61	803.17	34.3493
ENSMUST00000117440.8	4863	4662.61	794.2	114.131
ENSMUST00000165853.2	3382	3181.61	733.722	71.9484
ENSMUST00000117263.8	2371	2170.61	728.744	48.7528
ENSMUST00000102600.4	2763	2562.61	725.973	57.3384
ENSMUST00000208710.2	2742	2541.61	710.49	55.6557
ENSMUST00000110690.9	3527	3326.61	702.244	72
ENSMUST00000200004.2	3481	3280.61	692.31	70
ENSMUST00000084771.3	1559	1358.61	585.468	24.5155
ENSMUST00000100050.4	2529	2328.61	585.207	42
ENSMUST00000169503.4	2791	2590.61	576.12	46
ENSMUST00000018743.5	2522	2321.61	545.045	39
ENSMUST00000189503.7	1514	1313.61	543.392	22
ENSMUST00000222266.2	1804	1603.61	536.078	26.4953
ENSMUST00000106243.8	3111	2910.61	503.512	45.1686
ENSMUST00000107773.3	3158	2957.61	499.983	45.5763
ENSMUST00000189316.7	2924	2723.61	488.423	41
ENSMUST00000030184.12	2175	1974.61	475.635	28.9466
ENSMUST00000220951.2	2152	1951.61	465.503	28
ENSMUST00000052798.14	2000	1799.61	441.438	24.4845
ENSMUST00000040008.4	3600	3399.61	429.478	45
ENSMUST00000193355.2	2084	1883.61	413.407	24
ENSMUST00000107156.9	2015	1814.61	375.486	21
ENSMUST00000198199.5	2589	2388.61	364.813	26.857
ENSMUST00000036884.3	4486	4285.61	348.259	46
ENSMUST00000202090.2	2680	2479.61	340.21	26
ENSMUST00000167595.9	7692	7491.61	331.607	76.567
ENSMUST00000114352.8	3825	3624.61	329.343	36.7919
ENSMUST00000057428.13	5641	5440.61	328.855	55.1436
ENSMUST00000193353.2	3034	2833.61	320.609	28
ENSMUST00000107772.8	3726	3525.61	307.594	33.4237
ENSMUST00000230160.2	2920	2719.61	298.257	25
ENSMUST00000133902.8	3765	3564.61	294.621	32.3682
ENSMUST00000020962.12	2696	2495.61	288.237	22.1702
ENSMUST00000153941.8	3927	3726.61	281.899	32.378
ENSMUST00000034508.14	3867	3666.61	263.162	29.7393
ENSMUST00000226724.2	3853	3652.61	254.054	28.6004
ENSMUST00000099224.10	4206	4005.61	251.102	31
ENSMUST00000091829.4	5720	5519.61	246.887	42
ENSMUST00000064165.5	3753	3552.61	246.589	27
ENSMUST00000153748.2	4659	4458.61	240.144	33
ENSMUST00000214347.2	5706	5505.61	235.603	39.9787
ENSMUST00000226892.2	5156	4955.61	233.765	35.7042
ENSMUST00000193517.6	5151	4950.61	219.635	33.5122
ENSMUST00000170942.2	5912	5711.61	218.228	38.416
ENSMUST00000067124.6	5581	5380.61	216.515	35.9056
ENSMUST00000085913.11	6227	6026.61	215.35	40
ENSMUST00000001204.8	3987	3786.61	214.213	25
ENSMUST00000227271.2	5513	5312.61	213.756	35
ENSMUST00000114934.11	5470	5269.61	209.343	34
ENSMUST00000040380.13	5478	5277.61	202.878	33
ENSMUST00000038942.10	4479	4278.61	189.581	25
ENSMUST00000113585.9	3676	3475.61	186.705	20
ENSMUST00000092143.12	3843	3642.61	178.145	20
ENSMUST00000203288.2	4618	4417.61	176.271	24
ENSMUST00000106157.8	5008	4807.61	168.721	25
ENSMUST00000057781.8	6494	6293.61	154.66	30
ENSMUST00000029445.13	4470	4269.61	151.984	20
ENSMUST00000035220.12	4965	4764.61	149.814	22
ENSMUST00000105321.10	6237	6036.61	143.261	26.6541
ENSMUST00000018637.15	5938	5737.61	141.088	24.9496
ENSMUST00000162293.8	5520	5319.61	140.283	23
ENSMUST00000056623.13	17152	16951.6	135.895	71
ENSMUST00000055662.4	7321	7120.61	127.585	28
ENSMUST00000007012.6	5851	5650.61	126.324	22
ENSMUST00000045540.4	7015	6814.61	123.791	26
ENSMUST00000096433.10	8547	8346.61	108.844	28
ENSMUST00000046859.12	7705	7504.61	103.763	24
ENSMUST00000016088.9	7367	7166.61	98.8168	21.8267
ENSMUST00000084935.11	8834	8633.61	97.7099	26
ENSMUST00000023507.13	8303	8102.61	96.1045	24
ENSMUST00000013220.8	8957	8756.61	74.1057	20
ENSMUST00000182884.8	9963	9762.61	69.107	20.7936
ENSMUST00000233266.2	12956	12755.6	68.8705	27.0755
ENSMUST00000020488.9	123179	122979	49.5692	187.882
ENSMUST00000097786.10	17212	17011.6	40.7509	21.3661
ENSMUST00000233892.2	21388	21187.6	40.4523	26.4161
